1 -0.00358644 2.75567e-05
2 0.0301197 0.018599
3 -0.00254536 -0.00605651
4 -0.0487807 -0.0289077
5 -0.0303292 -0.0109076
6 -0.0488169 -0.0247777
7 -0.0800985 -0.0454738
8 -0.118649 -0.0592431
9 -0.154626 -0.0750779
10 -0.0896847 -0.0209843
11 0.0301088 0.0314155
12 0.0686174 0.0365653
13 0.0402184 0.00949377
14 -0.0296315 -0.0343769
15 -0.0983331 -0.0546626
16 -0.0277674 0.00856419
17 -0.00260018 0.00626963
18 -0.00630763 -0.00406175
19 -0.0255351 -0.0144911
20 -0.0359402 -0.0194144
21 -0.0384536 -0.0181818
22 -0.0265396 -0.00849492
23 0.00419606 0.00637313
24 0.0411701 0.0294974
25 0.0839138 0.0504714
26 0.124038 0.0677535
27 0.164757 0.0862724
28 0.225572 0.110591
29 0.285695 0.146589
30 0.325808 0.158669
31 0.250392 0.0900988
32 0.103902 0.0248506
33 0.0229767 -0.0138678
34 0.00998439 0.000666596
35 0.0305748 0.0200102
36 0.0466 0.0258566
37 -0.0710482 -0.0495541
38 -0.150222 -0.091302
39 -0.184096 -0.0929738
40 -0.190129 -0.0873557
41 -0.177984 -0.0764551
42 -0.161532 -0.0702591
43 -0.141957 -0.0580598
44 -0.118134 -0.0460769
45 -0.0941615 -0.0352542
46 -0.0717197 -0.0256217
47 -0.0456764 -0.0128263
48 -0.0195417 -0.00104016
49 0.00668623 0.00685748
50 0.0363645 0.0251856
51 0.0565771 0.0314473
52 0.0737228 0.0382502
53 0.0835588 0.0404918
54 0.0824915 0.0367487
55 0.0924628 0.0445566
56 0.113777 0.0575622
57 0.133969 0.0663258
58 0.135991 0.0615079
59 0.0235872 -0.0230954
60 -0.051445 -0.0456537
61 -0.110997 -0.0678189
62 -0.175029 -0.0979951
63 -0.218074 -0.111091
64 -0.229869 -0.107046
65 -0.119995 -0.0376077
66 -0.0303765 0.0131218
67 0.032506 0.0334015
68 0.0689367 0.0418666
69 0.087582 0.0449301
70 0.0927895 0.0432515
71 0.0881008 0.0381815
72 0.0749704 0.0297478
73 0.0582145 0.023645
74 0.0358301 0.00937375
75 0.0108579 -0.00263909
76 -0.00940417 -0.0103449
77 -0.0241941 -0.0153611
78 -0.0326133 -0.0172418
79 -0.0334911 -0.0153777
80 -0.0281447 -0.0111074
81 -0.0183316 -0.00535332
82 -0.00728329 -1.17807e-05
83 0.00242827 0.00395766
84 0.00843046 0.00554668
85 0.0129714 0.007153
86 0.0180673 0.0096145
87 0.0164657 0.00688613
88 0.00967627 0.00227552
89 0.00688109 0.00263661
90 0.00576622 0.00222032
91 0.00525046 0.00224637
92 0.00463902 0.0019578
93 0.00484196 0.00220221
94 0.0039775 0.00149337
95 0.00381846 0.00168114
96 0.00369167 0.00158642
97 0.00370925 0.00163237
98 -0.0126913 -0.0106693
99 -0.0298127 -0.0134538
100 0.0463976 0.0265752
101 0.122425 0.0778925
102 0.134079 0.0638381
103 -0.0103787 -0.0480028
104 0.197848 0.151524
105 0.166462 0.0655336
