1 2.26169 0 0.529576
2 2.05056 0 0.458996
3 0.27636 0 0.0325025
4 1.83446 0 0.441757
5 1.36782 0 0.301604
6 1.12346 0 0.250738
7 1.65694 0 0.393883
8 1.32421 0 0.29479
9 1.2588 0 0.285002
10 1.59574 0 0.373913
11 1.28997 0 0.288227
12 1.36608 0 0.312308
13 1.49818 0 0.345472
14 1.2887 0 0.286513
15 1.46699 0 0.337374
16 1.36616 0 0.308174
17 1.37681 0 0.314609
18 1.43345 0 0.329106
19 1.35324 0 0.307943
20 1.38433 0 0.31757
21 1.42264 0 0.326585
22 1.35533 0 0.307878
23 1.41017 0 0.323815
24 1.40093 0 0.320594
25 1.3646 0 0.311607
26 1.39036 0 0.319715
27 1.40803 0 0.323548
28 1.34069 0 0.306868
29 1.40839 0 0.325789
30 1.34611 0 0.307361
31 1.42053 0 0.329032
32 1.3623 0 0.312581
33 1.37881 0 0.318028
34 1.38516 0 0.319241
35 1.37123 0 0.315535
36 1.37626 0 0.317467
37 1.35439 0 0.312258
38 1.41702 0 0.329068
39 1.33777 0 0.306403
40 1.36599 0 0.31665
41 1.39548 0 0.323471
42 1.37523 0 0.317802
43 1.32457 0 0.305118
44 1.38975 0 0.323977
45 1.3929 0 0.322653
46 1.27471 0 0.291942
47 1.37776 0 0.323009
48 1.43956 0 0.335613
49 1.25104 0 0.287986
50 1.40781 0 0.332185
51 1.37418 0 0.318091
52 1.30731 0 0.302014
53 1.42699 0 0.335614
54 1.26359 0 0.289066
55 1.41079 0 0.3332
56 1.34168 0 0.310211
57 1.35706 0 0.316766
58 1.35474 0 0.315937
59 1.35538 0 0.316278
60 1.39926 0 0.327805
61 1.31949 0 0.30566
62 1.37297 0 0.322495
63 1.32405 0 0.308037
64 1.38337 0 0.32531
65 1.36469 0 0.318976
66 1.31828 0 0.307369
67 1.39435 0 0.328911
68 1.28832 0 0.298808
69 1.40408 0 0.332759
70 1.34861 0 0.314419
71 1.3128 0 0.307181
72 1.41932 0 0.336274
73 1.31017 0 0.306338
74 1.26721 0 0.297205
75 1.41651 0 0.337667
76 1.26262 0 0.292558
77 1.33432 0 0.316718
78 1.37697 0 0.325436
79 1.30598 0 0.305616
80 1.35145 0 0.320058
81 1.33451 0 0.314195
82 1.31661 0 0.310267
83 1.38523 0 0.328872
84 1.32083 0 0.309859
85 1.34021 0 0.317286
86 0.396027 0 0.0711596
87 0.589521 0 0.154573
88 0.953428 0 0.242512
89 0.930929 0 0.224506
90 0.764797 0 0.181782
91 0.86325 0 0.211644
92 0.939807 0 0.228674
93 0.927638 0 0.224263
94 0.935369 0 0.226793
95 0.703495 0 0.17435
96 0.701134 0 0.173807
97 0.796437 0 0.195332
98 0.836993 0 0.20596
99 -0.146192 0.0166756 0
100 2.18934 0 0.530131
101 1.78453 0 0.404624
102 0.656366 0 0.125534
103 1.526 0 0.391276
104 1.66774 0 0.397861
105 0.987289 0 0.21608
